    1             0.0013068095467508062            2.6136190935016125e-07         0
    2                 3.423962009257656            3.0292992251101407e-05         1
    3                 8.108983069587797             8.283209652061016e-05         2
    4                11.428975512206694            0.00017606063113024918         3
    5                 14.96778871694406             0.0002857243878051674         4
    6                23.871384443167948              0.000475692473331627         5
    7                31.202053925938756             0.0007800513481484689         6
    8                41.076704266939686              0.001026917606673492         7
    9                54.783392148122495             0.0013078908860824406         9
   10                 64.87186455670238             0.0016808050245209968        12
   11                 74.83339086528407              0.002285795102441339        14
   12                 99.91059803832027             0.0031202053925938754        17
   13                 138.8894622273282              0.004107670426693968        23
   14                169.41643653886368             0.0047742768886335895        27
   15                199.82119607664055              0.005731634513222377        31
   16                 285.8863918046929              0.007611079573306032        41
   17                338.83287307772736              0.008781875752035245        54
   18                 399.6423921532811              0.010463127088659527        63
   19                 555.5578489093128              0.013888946222732823        74
   20                  657.227268271035              0.016430681706775873        98
   21                 799.2847843065622              0.019097107554534355       131
   22                1111.1156978186257              0.024961643140751003       152
   23                1462.9088655624569              0.032861363413551746       175
   24                 1674.100334185524               0.04585307610577902       230
   25                1996.9314512600804                0.0537857607846719       311
   26                 2566.337338131118               0.06776657461554547       385
   27                3055.5372087254973               0.08370501670927621       492
   28                3506.1370974798397               0.09984657256300401       625
   29                 4689.799759348722                0.1405100120325639       724
   30                 5421.325969243638                0.1674100334185524       844
   31                6394.2782744524975               0.19969314512600805      1155
   32                 7336.492176924641                 0.243554546345793      1424
   33                 8303.598663257904               0.30555372087254973      1794
   34                 9379.599518697443                0.3831753911537679      3206
   35                 9994.647308096508               0.49973236540482546      5562
