    1             0.0016335119334385077            3.2670238668770156e-08         0
    2                 4.087159019007627             3.786624031387676e-06         1
    3                 7.459807638489982             1.035401206507627e-05         2
    4                11.892311833290673            2.2007578891281148e-05         3
    5                 17.11981004628828            3.9027577358718856e-05         4
    6                 22.89941288744493            5.7248532218612326e-05         5
    7                31.222061886975084             7.805515471743771e-05         6
    8                44.669748719483266            0.00010850739236510016         7
    9                  52.9426364183949            0.00014919615276979967         8
   10                 65.39454430412204            0.00020272457673969492         9
   11                 81.08983069587796            0.00024648617182577754        12
   12                 96.36059886462661            0.00029839230553959934        14
   13                136.95848037030623             0.0004202012561302492        17
   14                162.17966139175593              0.000513458803336746        23
   15                 200.4951045414936             0.0006244412377395017        27
   16                249.77649509580067             0.0007800513481484689        31
   17                 299.3557743388812              0.000951384946663254        42
   18                 423.5410913471592             0.0012488824754790034        54
   19                499.55299019160134             0.0016217966139175594        72
   20                 624.0410785187751              0.002053835213346984        94
   21                 761.1079573306032             0.0026157817721648813       109
   22                 914.3180409765355              0.002993557743388812       126
   23                1344.6440196167973              0.003573579897558661       170
   24                1603.9608363319487             0.0047742768886335895       225
   25                1998.2119607664051               0.00547833921481225       296
   26                2496.1643140751003             0.0064871864556702375       401
   27                3207.9216726638974              0.008215340853387937       463
   28                 4585.307610577902                0.0109566784296245       534
   29                 5555.578489093128              0.013888946222732823       697
   30                  6572.27268271035              0.018286360819530712       924
   31                7992.8478430656205              0.023948461947110495      1245
   32                 9170.615221155804              0.027777892445465645      1448
   33                12177.727317289651               0.03207921672663898      1683
   34                15985.695686131243               0.04185250835463811      2292
   35                19158.769557688396                0.0537857607846719      2988
   36                22222.313956372513               0.07025500601628196      3685
   37                 30555.37208725497               0.08370501670927621      4770
   38                 39938.62902520161               0.09579384778844198      6098
   39                 49759.81600504038               0.13144545365420698      7052
   40                 56204.00481302557                 0.175306854873992      8167
   41                 63942.78274452497                0.2344899879674361     11285
   42                 76635.07823075358                0.2710662984621819     13894
   43                 86057.21725547503                0.3348200668371048     17425
   44                 91483.64537750173                0.3993862902520161     31401
   45                 99946.47308096508               0.49973236540482546     54052
