    1             0.0016335119334385077            3.2670238668770156e-08         0
    2                 4.087159019007627             3.786624031387676e-06         1
    3                 7.459807638489982              1.22819469907207e-05         2
    4                11.892311833290673            2.5319607774354074e-05         3
    5                 17.11981004628828            4.6774339740450185e-05         4
    6                 22.89941288744493             7.143109695129184e-05         5
    7                31.222061886975084              9.75064185185586e-05         6
    8                44.669748719483266             0.0001428621939025837         7
    9                 65.39454430412204             0.0002101006280651246         9
   10                 81.08983069587796            0.00031222061886975084        12
   11                 96.36059886462661             0.0004466974871948326        17
   12                136.95848037030623             0.0005488672345022028        22
   13                 200.4951045414936             0.0006539454430412203        31
   14                249.77649509580067              0.000935417385816051        41
   15                 299.3557743388812             0.0013078908860824406        54
   16                 423.5410913471592             0.0018319530309955944        72
   17                 624.0410785187751             0.0026157817721648813        95
   18                 761.1079573306032              0.003663906061991189       128
   19                 914.3180409765355             0.0049955299019160135       171
   20                1344.6440196167973             0.0069444731113664105       228
   21                1998.2119607664051              0.009991059803832027       299
   22                2496.1643140751003              0.012480821570375502       409
   23                3207.9216726638974              0.014966678173056818       550
   24                 4585.307610577902              0.020926254177319054       721
   25                  6572.27268271035              0.029933356346113636       978
   26                 9170.615221155804              0.036572721639061424      1325
   27                12177.727317289651               0.04585307610577902      1783
   28                15985.695686131243               0.06776657461554547      2461
   29                22222.313956372513               0.08370501670927621      3225
   30                 30555.37208725497                0.1075715215693438      5087
   31                 39938.62902520161               0.15985695686131243      6461
   32                 49759.81600504038               0.19969314512600805      8712
   33                 63942.78274452497                0.2710662984621819     11878
   34                 76635.07823075358                 0.350613709747984     18273
   35                 91483.64537750173                0.4151799331628952     32778
   36                 99946.47308096508               0.49973236540482546     56115
