    1             0.0020418899167981347            4.0837798335962695e-09         0
    2                2.4392235849199286             4.733280039234595e-07         1
    3                 5.108948773759534             8.476825084312396e-07         2
    4                10.217897547519067            1.5352433738400875e-06         3
    5                14.312133054653081            3.4932510610628993e-06         4
    6                18.649519096224957             5.108948773759534e-06         5
    7                27.126848091275043              6.97964823741926e-06         6
    8                 40.87159019007627            1.1194598658637455e-05         7
    9                 50.68114418492373             1.395929647483852e-05         8
   10                 62.65472016921675            1.7152101078193837e-05         9
   11                 78.05515471743772            2.5340572092461865e-05        12
   12                 93.54867948090036             3.132736008460838e-05        14
   13                 116.9271732270064            3.9027577358718856e-05        17
   14                149.19615276979965              4.87532092592793e-05        20
   15                187.09735896180075             6.162154295644438e-05        24
   16                237.84623666581348             7.805515471743771e-05        32
   17                 298.3923055395993            0.00010136228836984746        42
   18                 374.1947179236015             0.0001283647008341865        56
   19                 467.7086929080256            0.00015611030943487542        65
   20                 571.4487756103348             0.0001950128370371172        76
   21                 716.4543141527971            0.00023385434645401275       100
   22                 915.9765154977973            0.00029839230553959934       134
   23                1097.7344690044056            0.00040544915347938984       155
   24                1369.5848037030623             0.0005488672345022028       179
   25                1680.8050245209968             0.0007164543141527971       238
   26                 2117.705456735796             0.0009159765154977973       315
   27                 2615.781772164881             0.0011935692221583974       364
   28                 3243.593227835119             0.0015601026962969377       422
   29                 4009.902090829872             0.0017867899487793305       564
   30                 4995.529901916014              0.002053835213346984       747
   31                 6240.410785187751              0.002739169607406125       987
   32                 7708.847909170128              0.003663906061991189      1324
   33                 9991.059803832028              0.004235410913471592      1527
   34                12480.821570375501             0.0049955299019160135      1766
   35                15775.114996849761              0.006723220098083987      2352
   36                19982.119607664055              0.007820863581099204      3126
   37                24961.643140751003              0.009143180409765356      4204
   38                 32861.36341355175              0.011974230973555247      4851
   39                45853.076105779015              0.015775114996849762      5614
   40                  53785.7607846719              0.019982119607664058      7466
   41                63100.459987399045              0.023948461947110495      9960
   42                  83705.0167092762              0.027777892445465645     13202
   43                111111.56978186258               0.03819421510906871     15293
   44                152776.86043627484               0.04789692389422099     17751
   45                 183412.3044231161              0.057177278360938576     23123
   46                 215143.0431386876               0.07992847843065623     30946
   47                  262890.907308414               0.09579384778844198     38562
   48                 319713.9137226249               0.11724499398371804     49325
   49                383175.39115376794                0.1462908865562457     62888
   50                  487109.092691586               0.18341230442311607     85413
   51                 585163.5462249828                0.2344899879674361    116436
   52                 733649.2176924644                0.2925817731124914    142936
   53                 888892.5582549006               0.36682460884623214    180072
   54                 957867.4030756364                0.4151799331628952    321938
   55                 999464.7308096508               0.49973236540482546    557436
