    1             0.0016335119334385077            3.2670238668770156e-08         0
    2                 4.087159019007627             3.786624031387676e-06         1
    3                 7.459807638489982              1.22819469907207e-05         2
    4                11.892311833290673            2.6730954093612322e-05         3
    5                 22.89941288744493              4.87532092592793e-05         4
    6                31.222061886975084            0.00010850739236510016         5
    7                44.669748719483266            0.00015611030943487542         7
    8                 65.39454430412204            0.00024440198690935013         9
    9                 96.36059886462661            0.00037419471792360154        12
   10                136.95848037030623             0.0005488672345022028        17
   11                 200.4951045414936             0.0008680591389208013        31
   12                 299.3557743388812             0.0012488824754790034        41
   13                 423.5410913471592             0.0023871384443167947        54
   14                 624.0410785187751             0.0032435932278351187        95
   15                 914.3180409765355             0.0047742768886335895       129
   16                1344.6440196167973              0.006723220098083987       172
   17                1998.2119607664051              0.009548553777267179       306
   18                3207.9216726638974              0.013446440196167975       410
   19                 4585.307610577902              0.018286360819530712       541
   20                  6572.27268271035               0.02689288039233595       956
   21                 9170.615221155804               0.03819421510906871      1291
   22                15985.695686131243                0.0537857607846719      1714
   23                22222.313956372513               0.07638843021813742      2980
   24                 30555.37208725497               0.11435455672187717      4819
   25                 49759.81600504038                 0.175306854873992      8574
   26                 76635.07823075358                0.2810200240651278     11693
   27                 91483.64537750173               0.36682460884623214     18009
   28                 99946.47308096508               0.49973236540482546     32076
