    1               0.00209089527480129              4.18179054960258e-06         0
    2                2.6157817721648815            0.00032916091347159177         1
    3                  5.47833921481225             0.0010892799019160135         2
    4                11.463269026444753             0.0034215621239823777         3
    5                   21.913356859249              0.006240410785187751         4
    6                 29.31124849592951              0.011463269026444754         5
    7                 39.96423921532811              0.015549942501575117         7
    8                  55.5557848909313              0.020926254177319054         9
    9                 73.14544327812285               0.03819421510906871        12
   10                 128.3168669065559               0.05189749164536189        17
   11                  175.306854873992               0.07025500601628196        23
   12                 234.4899879674361               0.09579384778844198        30
   13                  350.613709747984               0.12831686690655592        49
   14                 513.2674676262236                0.1674100334185524        83
   15                 766.3507823075358                0.2344899879674361       116
   16                 914.8364537750172                0.3348200668371048       176
   17                 999.4647308096509               0.49973236540482546       318
