    1              0.001672716219841032             3.345432439682064e-05         0
    2                1.9982119607664055              0.002633287307772734         1
    3                 3.996423921532811              0.006944215109068714         2
    4                 7.025500601628196              0.014603076105779014         3
    5                10.757152156934378              0.022535760784671895         4
    6                 14.62908865562457               0.03512750300814098         5
    7                19.158769557688395                0.0537857607846719         6
    8                24.355454634579303                 0.087653427436996         7
    9                30.555372087254973                0.1075715215693438         8
   10                 41.51799331628952               0.13144545365420698         9
   11                49.336626618688825               0.18341230442311607        11
   12                 58.51635462249828                0.2151430431386876        13
   13                 70.12274194959679                0.2524018399495962        17
   14                 79.87725805040321                0.2925817731124914        22
   15                 88.88925582549007                0.3348200668371048        31
   16                 97.42181853831721                0.3993862902520161        53
   17                 99.94647308096509               0.49973236540482546        90
