    1                 -99946.4730809651            3.2670238668770156e-08    -90093
    2                -93795.99518697443             3.786624031387676e-06    -44173
    3                -83035.98663257904             1.035401206507627e-05    -27291
    4                -76635.07823075357            2.2007578891281148e-05    -19902
    5                -66964.01336742096             3.571554847564592e-05    -12954
    6                -50480.36798991923             6.617829552299362e-05    -10615
    7               -43028.608627737514             8.955678926909964e-05     -8799
    8                -36682.46088462321            0.00012045074858078326     -6397
    9               -27106.629846218184            0.00016348636076030508     -5406
   10               -22870.911344375432             0.0002233487435974163     -4612
   11               -19158.769557688393             0.0002647131820919745     -3458
   12                -14629.08865562457            0.00032697272152061016     -2643
   13               -11111.156978186256             0.0003900256740742344     -2281
   14                 -8370.50167092762            0.00045798825774889866     -1950
   15                -7025.500601628196             0.0006539454430412203     -1452
   16                -5862.249699185902             0.0007800513481484689     -1240
   17                 -4185.25083546381             0.0009159765154977973     -1065
   18                -3512.750300814098             0.0010977344690044056      -789
   19                -2858.863918046929             0.0014329086283055943      -581
   20                -2092.625417731905             0.0017867899487793305      -428
   21               -1828.6360819530712              0.002195468938008811      -367
   22               -1541.7695818340255              0.002739169607406125      -316
   23               -1146.3269026444752             0.0032435932278351187      -235
   24                 -954.855377726718              0.004009902090829872      -199
   25                -801.9804181659742             0.0047742768886335895      -170
   26                -573.1634513222376              0.005987115486777624      -124
   27                 -477.427688863359              0.007327812123982378      -106
   28                -400.9902090829871              0.009143180409765356       -91
   29                -286.5817256611188              0.011463269026444754       -67
   30                -238.7138444316795              0.014655624247964755       -49
   31               -200.49510454149356              0.019097107554534355       -36
   32                -143.2908628305594              0.024961643140751003       -31
   33               -105.88527283678978               0.03128345432439682       -26
   34                -91.59765154977971               0.04185250835463811       -19
   35                -78.00513481484688                0.0537857607846719       -17
   36               -59.678461107919865               0.06219977000630047       -14
   37               -43.402956946040064               0.07314544327812285       -12
   38                -31.22206188697508               0.09170615221155803       -10
   39                -24.09014971615665               0.11111156978186255        -8
   40                -18.70973589618007               0.13553314923109094        -7
   41                -13.72168086255507                0.1674100334185524        -6
   42                 -8.55990502314414                0.2075899665814476        -5
   43                 -4.27995251157207                0.2524018399495962        -4
   44                -1.785777423782296               0.31971391372262487        -3
   45             -0.001633511933438525                0.3993862902520161        -2
   46                1.9513788679359427                0.4689799759348722        -1
   47                  4.27995251157207                0.5425817731124913         0
   48                 7.805515471743771                0.6168246088462321         1
   49                13.235659104598724                0.6802860862773752         2
   50                18.709735896180074                0.7433662661868883         3
   51                24.648617182577752                0.7924100334185524         4
   52                 34.23962009257656                0.8325899665814476         5
   53                43.402956946040064                0.8716831330934441         6
   54                59.678461107919865                0.8962050167092762         7
   55                 81.08983069587796                0.9236115697818625         9
   56                  93.5417385816051                0.9428227216390614        11
   57                109.77344690044056                0.9561732862815019        13
   58                143.29086283055943                0.9618057848909312        18
   59                  194.374281269689                0.9671386365864483        21
   60                 238.7138444316795                 0.975038356859249        25
   61                286.58172566111887                0.9817136391804693        34
   62                 400.9902090829872                0.9861110537772672        40
   63                  477.427688863359                0.9890433215703756        47
   64                 573.1634513222377                0.9908568195902345        65
   65                 780.8318209450397                  0.99229115209083        76
   66                 914.3180409765355                0.9937595892148121        89
   67                1095.6678429624499                0.9947684364556703       122
   68                1465.5624247964756                0.9957645890865284       143
   69                 1756.375150407049                0.9966383899509579       169
   70                 2092.625417731905                0.9973842182278351       237
   71                2931.1248495929513                0.9978045310619912       314
   72                 3512.750300814098                0.9985032211283056       425
   73                  4185.25083546381                 0.998751117524521       494
   74                  5189.74916453619                0.9989730823933266       575
   75                 6167.078327336103                0.9991595974877395       774
   76                  8370.50167092762                0.9993152075981485      1059
   77                 9579.384778844198                 0.999532291307092      1237
   78                11111.156978186256                0.9996099743259258      1442
   79                 14629.08865562457                0.9996877793811303      1930
   80                19158.769557688396                0.9997710058711256      2270
   81                22870.911344375432                0.9998365136392396      2662
   82                27106.629846218188                0.9998795492514192      3431
   83                36682.460884623215                0.9999104432107309      4555
   84                43028.608627737514                 0.999933821704477      5997
   85                 50480.36798991923                0.9999512467907408      8314
   86                 66964.01336742096                0.9999642844515243     10016
   87                 76635.07823075358                0.9999779924211089     12862
   88                 83035.98663257904                0.9999896459879348     16510
   89                 93795.99518697445                0.9999962133759687     22419
   90                 99946.47308096508                0.9999999673297615     46511
