    1                -999464.7308096508            4.0837798335962695e-09   -442357
    2                -701227.4194959679            1.7826020636937272e-06   -197738
    3                -399386.2902520161             3.915920010576047e-06    -84165
    4               -215143.04313868756             8.272286940374203e-06    -43898
    5               -111111.56978186258            1.9513788679359428e-05    -24793
    6                -61670.78327336103             3.308914776149681e-05    -13752
    7                -36572.72163906142             5.583718589935408e-05     -7398
    8                -18286.36081953071             8.955678926909964e-05     -4074
    9                -8215.340853387937             0.0001428621939025837     -2174
   10                -5478.339214812249             0.0003900256740742344     -1231
   11                -3573.579897558661             0.0006539454430412203      -656
   12               -1621.7966139175594             0.0010977344690044056      -360
   13               -1097.7344690044056             0.0026157817721648813      -197
   14                -748.3894358472029              0.004107670426693968      -106
   15                -358.2271570763985              0.007147159795117322       -56
   16                -240.9014971615665              0.016430681706775873       -30
   17               -163.48636076030508               0.02689288039233595       -16
   18                -74.59807638489983              0.049923286281502006        -9
   19               -34.304202156387674                 0.087653427436996        -5
   20                -17.85777423782296                 0.175306854873992        -4
   21                 -8.92888711891148                0.3348200668371048        -3
   22                 -4.46444355945574                0.4689799759348722        -2
   23             0.0020418899167981347                 0.600613709747984        -1
   24                1.7466255305314498                 0.800306854873992         0
   25                 4.464443559455741                0.8644668507689092         1
   26                 9.324759548112478                 0.912346572563004         2
   27                18.649519096224957                0.9462142392153282         3
   28                 39.02757735871886                0.9714113608195307         4
   29                 74.59807638489983                0.9830583563461136         8
   30                163.48636076030508                0.9900089401961678        15
   31                242.96785158711123                  0.99599009790917        29
   32                358.22715707639856                0.9972608303925937        54
   33                  748.389435847203                0.9983782033860824       100
   34                1621.7966139175594                0.9989730823933266       182
   35                3573.5798975586613                0.9994032153889209       341
   36                 5478.339214812249                0.9996258052820765       642
   37                 8215.340853387937                0.9997710058711256      1191
   38                18286.360819530713                0.9999064513205193      2113
   39                 36572.72163906143                0.9999627009618075      4000
   40                 61670.78327336103                0.9999756233953704      7398
   41                111111.56978186258                0.9999839544123956     13558
   42                 215143.0431386876                0.9999936648569769     25016
   43                 399386.2902520161                0.9999966586307383     44457
   44                 701227.4194959679                0.9999984647566261     80129
   45                 999464.7308096508                0.9999999959162201    212011
