    1                -9994.647308096508            2.6136190935016125e-07     -4138
    2                -9148.364537750173             6.807999386975084e-05     -2016
    3                -7663.507823075359            0.00013005409292360148     -1482
    4                -6111.074417450995            0.00024387926309064984     -1145
    5                -4933.662661868882            0.00040544915347938984      -887
    6               -3831.7539115376794             0.0006539454430412203      -727
    7               -3197.1391372262483              0.001058852728367898      -518
    8               -2566.3373381311176             0.0013078908860824406      -389
    9               -2151.4304313868756             0.0016217966139175594      -288
   10               -1527.7686043627486              0.002285795102441339      -218
   11               -1111.1156978186257             0.0033616100490419937      -160
   12                 -837.050167092762              0.004107670426693968      -118
   13                -616.7078327336103             0.0049955299019160135       -87
   14                -458.5307610577901             0.0069444731113664105       -64
   15                -328.6136341355175              0.009991059803832027       -54
   16               -249.61643140751005              0.013888946222732823       -46
   17                -190.9710755453436              0.019982119607664058       -34
   18               -129.74372911340475              0.024961643140751003       -24
   19                -99.91059803832026              0.031099885003150234       -18
   20                -80.19804181659742               0.04789692389422099       -13
   21                -52.31563544329762              0.060888636586448254       -10
   22                -40.09902090829871               0.07992847843065623        -8
   23               -29.935577433888117                0.1075715215693438        -7
   24                -18.70834771632102                0.1405100120325639        -6
   25               -11.428975512206694               0.18341230442311607        -5
   26                -6.847924018515311                0.2344899879674361        -4
   27               -3.7419471792360146               0.30555372087254973        -3
   28              0.032391278384334976                0.3993862902520161        -2
   29                 1.711981004628828               0.49759816005040386        -1
   30                 3.900256740742345                 0.600613709747984         0
   31                  7.80051348148469                0.6802860862773752         1
   32                11.935692221583974                 0.765510012032564         2
   33                 18.70834771632102                 0.800306854873992         3
   34                 29.93557743388812                0.8325899665814476         4
   35                 37.41669543264204                0.8827550060162819         5
   36                 49.95529901916014                0.9042061522115579         6
   37                 64.87186455670238                0.9236115697818625         7
   38                 82.15340853387937                 0.948102508354638         9
   39                104.63127088659525                0.9648724969918591        13
   40                129.74372911340475                0.9760515380528895        18
   41                199.82119607664055                 0.980017880392336        25
   42                 268.9288039233595                0.9842248850031502        34
   43                 351.2750300814098                0.9890433215703756        47
   44                 478.9692389422099                0.9921124425015752        64
   45                 641.5843345327795                0.9942683654867776        89
   46                 876.5342743699598                0.9958923295733059       123
   47                1172.4499398371804                0.9965277634443168       168
   48                 1674.100334185524                0.9971341827433888       238
   49                2222.2313956372514                 0.997946164786653       305
   50                2810.2002406512784                0.9985032211283056       405
   51                 3348.200668371048                0.9990363940113538       532
   52                 4151.799331628952                0.9994032153889209       744
   53                 5005.352691903491                0.9996258052820765      1088
   54                 6111.074417450995                0.9997684481516683      1379
   55                 7663.507823075359                0.9999319200061303      1798
   56                 9148.364537750173                 0.999979427442908      4045
   57                 9994.647308096508                0.9999997386380908      8271
